3319765
3319765
2773874
2773874
2899820
2899820
2845904
2845904
3202718
3202718
3218636
3218636
2319893
2319893
2929424
2929424
3133907
3133907
2270666
2270666
2899481
2899481
2323895
2323895
2365976
2365976
3291314
3291314
3319712
3319712
3162926
3162926
2192063
2192063
3196430
3196430
2638379
2638379
2708978
2708978
3158096
3158096
2838560
2838560
3246008
3246008
3270305
3270305
3060104
3060104
3278285
3278285
929564
929564
3190124
3190124
3273230
3273230
2942174
2942174
2949326
2949326
2343107
2343107
3204578
3204578
1791650
1791650
2862344
2862344
2612099
2612099
1327644
1327644
2537498
2537498
3197342
3197342
2949245
2949245
3202829
3202829
2506334
2506334
2454980
2454980
1787807
1787807
2899781
2899781
2572922
2572922
2608493
2608493
2194070
2194070
3233432
3233432
2344565
2344565
2708798
2708798
2630075
2630075
3284381
3284381
